URL,Name
https://uvahealth.com/services/billing-insurance/common-prices,Prices of Common Procedures & Services